MESSAGES

MESSAGE CStoreRQ
(0000,0000) 1
(0000,0002) 1
(0000,0100) 1
(0000,0110) 1
(0000,0700) 1
(0000,0800) 1
(0000,1000) 1
(0000,1030) 3
(0000,1031) 3

MESSAGE CStoreRSP
(0000,0000) 1
(0000,0002) 3
(0000,0100) 1
(0000,0120) 1
(0000,0800) 1
(0000,0900) 1
(0000,1000) 3

MESSAGE CFindRQ
(0000,0000) 1
(0000,0002) 1
(0000,0100) 1
(0000,0110) 1
(0000,0700) 1
(0000,0800) 1

MESSAGE CFindRSP
(0000,0000) 1
(0000,0002) 3
(0000,0100) 1
(0000,0120) 1
(0000,0800) 1
(0000,0900) 1

MESSAGE CCancelFindRQ
(0000,0000) 1
(0000,0100) 1
(0000,0120) 1
(0000,0800) 1

MESSAGE CGetRQ
(0000,0000) 1
(0000,0002) 1
(0000,0100) 1
(0000,0110) 1
(0000,0700) 1
(0000,0800) 1

MESSAGE CGetRSP
(0000,0000) 1
(0000,0002) 3
(0000,0100) 1
(0000,0120) 1
(0000,0800) 1
(0000,0900) 1
(0000,1020) 3
(0000,1021) 3
(0000,1022) 3
(0000,1023) 3

MESSAGE CCancelGetRQ
(0000,0000) 1
(0000,0100) 1
(0000,0120) 1
(0000,0800) 1

MESSAGE CMoveRQ
(0000,0000) 1
(0000,0002) 1
(0000,0100) 1
(0000,0110) 1
(0000,0700) 1
(0000,0800) 1
(0000,0600) 1

MESSAGE CMoveRSP
(0000,0000) 1
(0000,0002) 3
(0000,0100) 1
(0000,0120) 1
(0000,0800) 1
(0000,0900) 1
(0000,1020) 3
(0000,1021) 3
(0000,1022) 3
(0000,1023) 3

MESSAGE CCancelMoveRQ
(0000,0000) 1
(0000,0100) 1
(0000,0120) 1
(0000,0800) 1

MESSAGE CEchoRQ
(0000,0000) 1
(0000,0002) 1
(0000,0100) 1
(0000,0110) 1
(0000,0800) 1

MESSAGE CEchoRSP
(0000,0000) 1
(0000,0002) 3
(0000,0100) 1
(0000,0120) 1
(0000,0800) 1
(0000,0900) 1

MESSAGE NEventReportRQ
(0000,0000) 1
(0000,0002) 1
(0000,0100) 1
(0000,0110) 1
(0000,0800) 1
(0000,1000) 1
(0000,1002) 1

MESSAGE NEventReportRSP
(0000,0000) 1
(0000,0002) 3
(0000,0100) 1
(0000,0120) 1
(0000,0800) 1
(0000,0900) 1
(0000,1000) 3
(0000,1002) 3

MESSAGE NGetRQ
(0000,0000) 1
(0000,0003) 1
(0000,0100) 1
(0000,0110) 1
(0000,0800) 1
(0000,1001) 1
(0000,1005) 1

MESSAGE NGetRSP
(0000,0000) 1
(0000,0002) 3
(0000,0100) 1
(0000,0120) 1
(0000,0800) 1
(0000,0900) 1
(0000,1000) 3

MESSAGE NSetRQ
(0000,0000) 1
(0000,0003) 1
(0000,0100) 1
(0000,0110) 1
(0000,0800) 1
(0000,1001) 1

MESSAGE NSetRSP
(0000,0000) 1
(0000,0002) 3
(0000,0100) 1
(0000,0120) 1
(0000,0800) 1
(0000,0900) 1
(0000,1000) 3

MESSAGE NActionRQ
(0000,0000) 1
(0000,0003) 1
(0000,0100) 1
(0000,0110) 1
(0000,0800) 1
(0000,1001) 1
(0000,1008) 1

MESSAGE NActionRSP
(0000,0000) 1
(0000,0002) 3
(0000,0100) 1
(0000,0120) 1
(0000,0800) 1
(0000,0900) 1
(0000,1000) 3
(0000,1008) 3

MESSAGE NCreateRQ
(0000,0000) 1
(0000,0002) 1
(0000,0100) 1
(0000,0110) 1
(0000,0800) 1
(0000,1000) 3

MESSAGE NCreateRSP
(0000,0000) 1
(0000,0002) 3
(0000,0100) 1
(0000,0120) 1
(0000,0800) 1
(0000,0900) 1
(0000,1000) 3

MESSAGE NDeleteRQ
(0000,0000) 1
(0000,0003) 1
(0000,0100) 1
(0000,0110) 1
(0000,0800) 1
(0000,1001) 1

MESSAGE NDeleteRSP
(0000,0000) 1
(0000,0002) 3
(0000,0100) 1
(0000,0120) 1
(0000,0800) 1
(0000,0900) 1
(0000,1000) 3
