MODULES

MODULE PatientRelationship
(0008,1110)
/(0008,1150)
/(0008,1155)
(0008,1125)
/(0008,1150)
/(0008,1155)
(0038,0004)
/(0008,1150)
/(0008,1155)

MODULE PatientIdentification
(0010,0010)
(0010,0020)
(0010,0021)
(0010,1000)
(0010,1001)
(0010,1005)
(0010,1060)
(0010,1090)

MODULE PatientDemographic
(0010,1010)
(0010,2180)
(0040,3001)
(0010,0030)
(0010,0032)
(0010,0040)
(0010,0050)
/(0008,0100)
/(0008,0102)
/(0008,0104)
(0010,1020)
(0010,1030)
(0010,1040)
(0010,1080)
(0010,1081)
(0010,2150)
(0010,2152)
(0010,2154)
(0010,2160)
(0010,21F0)
(0010,4000)

MODULE PatientMedical
(0010,2000)
(0010,2110)
(0010,21A0)
(0010,21B0)
(0010,21C0)
(0010,21D0)
(0038,0050)
(0038,0500)

MODULE VisitRelationship
(0008,1110)
/(0008,1150)
/(0008,1155)
(0008,1120)
/(0008,1150)
/(0008,1155)

MODULE VisitIdentification
(0008,0080)
(0008,0081)
(0008,0082)
/(0008,0100)
/(0008,0102)
/(0008,0104)
(0038,0010)
(0038,0011)

MODULE VisitStatus
(0038,0008)
(0038,0300)
(0038,0400)
(0038,4000)

MODULE VisitAdmission
(0008,0090)
(0008,0092)
(0008,0094)
(0008,1080)
(0008,1084)
/(0008,0100)
/(0008,0102)
/(0008,0104)
(0038,0016)
(0038,0020)
(0038,0021)

MODULE VisitDischarge
(0038,0030)
(0038,0032)
(0038,0040)
(0038,0044)
/(0008,0100)
/(0008,0102)
/(0008,0104)

MODULE VisitScheduling
(0038,001A)
(0038,001B)
(0038,001C)
(0038,001D)
(0038,001E)

MODULE StudyRelationship
(0008,1125)
/(0008,1150)
/(0008,1155)
(0008,1120)
/(0008,1150)
/(0008,1155)
(0008,1100)
/(0008,1150)
/(0008,1155)
(0008,1111)
/(0008,1150)
/(0008,1155)
(0020,000D)
(0008,0050)

MODULE StudyIdentification
(0020,0010)
(0032,0012)
(0020,1070)

MODULE StudyClassification
(0032,000A)
(0032,000C)
(0032,4000)

MODULE StudyScheduling
(0032,1000)
(0032,1001)
(0032,1010)
(0032,1011)
(0032,1020)
(0032,1021)
(0032,1030)
(0032,1032)
(0032,1033)
(0032,1060)
(0032,1064)
/(0008,0100)
/(0008,0102)
/(0008,0104)
(0032,1070)

MODULE StudyAcquisition
(0032,1040)
(0032,1041)
(0008,0020)
(0008,0030)
(0032,1050)
(0032,1051)
(0032,0032)
(0032,0033)
(0020,1000)
(0020,1004)

MODULE StudyRead
(0008,1060)
(0032,0034)
(0032,0035)

MODULE StudyComponent
(0020,0010)
(0020,000D)
(0008,1115)
/(0008,0021)
/(0008,0031)
/(0020,000E)
/(0008,0054)
/(0088,0130)
/(0088,0140)
/(0008,1140)
//(0008,1150)
//(0008,1155)
//(0008,0054)
//(0088,0130)
//(0088,0140)

MODULE StudyComponentRelationship
(0008,1110)
/(0008,1150)
/(0008,1155)

MODULE StudyComponentAcquisition
(0008,0060)
(0008,1030)
(0008,1032)
/(0008,0100)
/(0008,0102)
/(0008,0104)
(0008,1050)
(0032,1055)

MODULE ScheduledProcedureStep
(0040,0100)
/(0040,0001)
/(0040,0010)
/(0040,0011)
/(0040,0002)
/(0040,0003)
/(0040,0004)
/(0040,0005)
/(0040,0006)
/(0040,0007)
/(0040,0008)
//(0008,0100)
//(0008,0102)
//(0008,0104)
/(0040,0009)
/(0040,0400)
/(0008,0060)
/(0032,1070)
/(0040,0012)

MODULE RequestedProcedure
(0040,1001)
(0040,1002)
(0040,1400)
(0032,1064)
/(0008,0100)
/(0008,0102)
/(0008,0104)
(0020,000D)
(0008,1110)
/(0008,1150)
/(0008,1155)
(0032,1060)
(0040,1003)
(0040,1004)
(0040,1005)
(0040,1006)
(0040,1007)
(0040,1008)
(0040,1009)
(0040,1010)

MODULE ImagingServiceRequest
(0040,2001)
(0040,2400)
(0032,1032)
(0008,0090)
(0032,1033)
(0008,0050)
(0040,2004)
(0040,2005)
(0040,2006)
(0040,2007)
(0040,2008)
(0040,2009)
(0040,2010)

MODULE ResultsRelationship
(0008,1110)
/(0008,1150)
/(0008,1155)
(4008,0050)
/(0008,1150)
/(0008,1155)

MODULE ResultsIdentification
(4008,0040)
(4008,0042)

MODULE ResultsImpressions
(4008,0300)
(4008,4000)

MODULE InterpretationRelationship
(0008,1100)
/(0008,1150)
/(0008,1155)

MODULE InterpretationIdentification
(4008,0200)
(4008,0202)

MODULE InterpretationState
(4008,0210)
(4008,0212)

MODULE InterpretationRecording
(4008,0100)
(4008,0101)
(4008,0102)
(4008,0103)

MODULE InterpretationTranscription
(4008,0108)
(4008,0109)
(4008,010A)
(4008,010B)
(4008,010C)

MODULE InterpretationApproval
(4008,0111)
/(4008,0112)
/(4008,0113)
/(4008,0114)
(4008,0115)
(4008,0117)
/(0008,0100)
/(0008,0102)
/(0008,0104)
(4008,0118)
/(4008,0119)
/(4008,011A)

MODULE Patient
(0010,0010) 2
(0010,0020) 2
(0010,0030) 2
(0010,0040) 2
(0008,1120) 3
/(0008,1150) 1c
/(0008,1155) 1c
(0010,0032) 3
(0010,1000) 3
(0010,1001) 3
(0010,2160) 3
(0010,4000) 3

MODULE GeneralStudy
(0020,000D) 1
(0008,0020) 2
(0008,0030) 2
(0008,0090) 2
(0020,0010) 2
(0008,0050) 2
(0008,1030) 3
(0008,1048) 3
(0008,1060) 3
(0008,1110) 3
/(0008,1150) 1c
/(0008,1155) 1c

MODULE PatientStudy
(0008,1080) 3
(0010,1010) 3
(0010,1020) 3
(0010,1030) 3
(0010,2180) 3
(0010,21B0) 3

MODULE GeneralSeries
(0008,0060) 1
(0020,000E) 1
(0020,0011) 2
(0020,0060) 2c
(0008,0021) 3
(0008,0031) 3
(0008,1050) 3
(0018,1030) 3
(0008,103E) 3
(0008,1070) 3
(0008,1111) 3
/(0008,1150) 1c
/(0008,1155) 1c
(0018,0015) 3
(0018,5100) 2c
(0028,0108) 3
(0028,0109) 3

MODULE FrameOfReference
(0020,0052) 1
(0020,1040) 2

MODULE GeneralEquipment
(0008,0070) 2
(0008,0080) 3
(0008,0081) 3
(0008,1010) 3
(0008,1040) 3
(0008,1090) 3
(0018,1000) 3
(0018,1020) 3
(0018,1050) 3
(0018,1200) 3
(0018,1201) 3
(0028,0120) 3

MODULE GeneralImage
(0020,0013) 2
(0020,0020) 2c
(0008,0023) 2c
(0008,0033) 2c
(0008,0008) 3
(0020,0012) 3
(0008,0022) 3
(0008,0032) 3
(0008,1140) 3
/(0008,1150) 1c
/(0008,1155) 1c
(0008,2111) 3
(0008,2112) 3
/(0008,1150) 1c
/(0008,1155) 1c
(0020,1002) 3
(0020,4000) 3
(0028,2110) 3

MODULE ImagePlane
(0028,0030) 1
(0020,0037) 1
(0020,0032) 1
(0018,0050) 2
(0020,1041) 3

MODULE ImagePixel
(0028,0002) 1
(0028,0004) 1
(0028,0010) 1
(0028,0011) 1
(0028,0100) 1
(0028,0101) 1
(0028,0102) 1
(0028,0103) 1
(7FE0,0010) 1
(0028,0006) 1c
(0028,0034) 1c
(0028,0106) 3
(0028,0107) 3
(0028,1101) 1c
(0028,1102) 1c
(0028,1103) 1c
(0028,1201) 1c
(0028,1202) 1c
(0028,1203) 1c

MODULE ContrastBolus
(0018,0010) 2
(0018,0012) 3
/(0008,0100) 1c
/(0008,0102) 1c
/(0008,0104) 3
(0018,1040) 3
(0018,0014) 3
/(0008,0100) 1c
/(0008,0102) 1c
/(0008,0104) 3
/(0018,002A) 3
//(0008,0100) 1c
//(0008,0102) 1c
//(0008,0104) 3
(0018,1041) 3
(0018,1042) 3
(0018,1043) 3
(0018,1044) 3
(0018,1046) 3
(0018,1047) 3
(0018,1048) 3
(0018,1049) 3

MODULE Cine
(0018,1244) 3
(0018,1063) 1c
(0018,1065) 1c
(0008,2142) 3
(0008,2143) 3
(0008,2144) 3
(0018,0040) 3
(0018,1066) 3
(0018,0072) 3
(0018,1242) 3

MODULE MultiFrame
(0028,0008) 1
(0028,0009) 1

MODULE BiPlaneSequence
(0028,0012) 1
(0028,5000) 1

MODULE BiPlaneImage
(0028,0110) 3
(0028,0111) 3

MODULE FramePointers
(0028,6010) 3
(0028,6020) 3
(0028,6022) 3

MODULE Mask
(0028,6100) 1
/(0028,6101) 1
/(0028,6102) 3
/(0028,6110) 1c
/(0028,6112) 3
/(0028,6114) 3
/(0028,6120) 2c
/(0028,6190) 3
(0028,1090) 2

MODULE DisplayShutter
(0018,1600) 1
(0018,1602) 1c
(0018,1604) 1c
(0018,1606) 1c
(0018,1608) 1c
(0018,1610) 1c
(0018,1612) 1c
(0018,1620) 1c

MODULE Device
(0050,0010) 3
/(0008,0100) 1c
/(0008,0102) 1c
/(0008,0104) 3
/(0050,0014) 3
/(0050,0016) 3
/(0050,0017) 2c
/(0050,0018) 3
/(0050,0019) 3
/(0050,0020) 3

MODULE Therapy
(0018,0036) 3
/(0008,0100) 1c
/(0008,0102) 1c
/(0008,0104) 3
/(0018,0038) 2
/(0018,0029) 3
//(0008,0100) 1c
//(0008,0102) 1c
//(0008,0104) 3
/(0018,0035) 3
/(0018,0027) 3
/(0054,0302) 3
//(0008,0100) 1c
//(0008,0102) 1c
//(0008,0104) 3
/(0018,0039) 3

MODULE PatientSummary
(0010,0010) 2
(0010,0020) 2

MODULE StudyContent
(0020,0010) 2
(0020,000D) 1
(0008,1115) 1
/(0020,000E) 1
/(0008,0054) 2c
/(0088,0130) 2c
/(0088,0140) 2c
/(0008,1140) 1
//(0008,1150) 2
//(0008,1155) 2
//(0008,0054) 2c
//(0088,0130) 2c
//(0088,0140) 2c

MODULE PaletteColorLookupTable
(0028,1101) 1c
(0028,1102) 1c
(0028,1103) 1c
(0028,1199) 3
(0028,1201) 1c
(0028,1202) 1c
(0028,1203) 1c
(0028,1221) 1c
(0028,1222) 1c
(0028,1223) 1c

MODULE CRSeries
(0018,0015) 2
(0018,5101) 2
(0018,1160) 3
(0018,1180) 3
(0018,1190) 3
(0018,1260) 3
(0018,1261) 3

MODULE CRImage
(0018,0060) 3
(0018,1004) 3
(0018,1110) 3
(0018,1111) 3
(0018,1150) 3
(0018,1151) 3
(0018,1152) 3
(0018,1170) 3
(0018,1400) 3
(0018,1401) 3
(0018,1402) 3
(0018,1403) 3
(0018,1404) 3
(0018,1405) 3
(0018,6000) 3

MODULE CTImage
(0008,0008) 1
(0028,0002) 1
(0028,0004) 1
(0028,0100) 1
(0028,0101) 1
(0028,0102) 1
(0028,1052) 1
(0028,1053) 1
(0018,0060) 2
(0020,0012) 2
(0018,0022) 3
(0018,0090) 3
(0018,1100) 3
(0018,1110) 3
(0018,1111) 3
(0018,1120) 3
(0018,1130) 3
(0018,1140) 3
(0018,1150) 3
(0018,1151) 3
(0018,1152) 3
(0018,1160) 3
(0018,1170) 3
(0018,1190) 3
(0018,1210) 3

MODULE MRImage
(0008,0008) 1
(0028,0002) 1
(0028,0004) 1
(0028,0100) 1
(0018,0020) 1
(0018,0021) 1
(0018,0022) 2
(0018,0023) 2
(0018,0080) 2c
(0018,0081) 2
(0018,0091) 2
(0018,0082) 2c
(0018,1060) 2c
(0018,0024) 3
(0018,0025) 3
(0018,0083) 3
(0018,0084) 3
(0018,0085) 3
(0018,0086) 3
(0018,0087) 3
(0018,0088) 3
(0018,0089) 3
(0018,0093) 3
(0018,0094) 3
(0018,0095) 3
(0018,1062) 3
(0018,1080) 3
(0018,1081) 3
(0018,1082) 3
(0018,1083) 3
(0018,1084) 3
(0018,1085) 3
(0018,1086) 3
(0018,1088) 3
(0018,1090) 3
(0018,1094) 3
(0018,1100) 3
(0018,1250) 3
(0018,1251) 3
(0018,1310) 3
(0018,1312) 3
(0018,1314) 3
(0018,1316) 3
(0018,1315) 3
(0018,1318) 3
(0020,0100) 3
(0020,0105) 3
(0020,0110) 3


MODULE NMImagePixel
(0028,0002) 1
(0028,0004) 1
(0028,0100) 1
(0028,0101) 1
(0028,0102) 1
(0028,0030) 2

MODULE NMMultiFrame
(0028,0009) 1
(0054,0010) 1c
(0054,0011) 1
(0054,0020) 1c
(0054,0021) 1
(0054,0030) 1c
(0054,0031) 1c
(0054,0050) 1c
(0054,0051) 1c
(0054,0060) 1c
(0054,0061) 1c
(0054,0070) 1c
(0054,0071) 1c
(0054,0080) 1c
(0054,0081) 1c
(0054,0090) 1c
(0054,0100) 1c


MODULE NMIsotope
(0054,0012) 2
/(0054,0018) 3
/(0054,0013) 3
//(0054,0014) 3
//(0054,0015) 3
(0054,0016) 2
/(0054,0300) 2c
//(0008,0100) 1c
//(0008,0102) 1c
//(0008,0104) 3
/(0018,1070) 3
/(0054,0302) 3
//(0008,0100) 1c
//(0008,0102) 1c
//(0008,0104) 3
/(0018,1071) 3
/(0018,1072) 3
/(0018,1073) 3
/(0018,1074) 3
/(0054,0306) 3
//(0054,0308) 1c
//(0018,1045) 3
//(0054,0017) 3
/(0018,0031) 3
/(0054,0304) 3
//(0008,0100) 1c
//(0008,0102) 1c
//(0008,0104) 3
(0018,0026) 3
/(0018,0034) 3
/(0018,0029) 3
//(0008,0100) 1c
//(0008,0102) 1c
//(0008,0104) 3
/(0054,0302) 3
//(0008,0100) 1c
//(0008,0102) 1c
//(0008,0104) 3
/(0018,0035) 3
/(0018,0027) 3
/(0018,0028) 3

MODULE NMDetector
(0054,0022) 2
/(0018,1180) 3
/(0018,1181) 2c
/(0018,1147) 3
/(0018,1149) 3
/(0018,1182) 2c
/(0018,1183) 3
/(0018,1184) 3
/(0028,0032) 3
/(0028,0031) 3
/(0018,1145) 3
/(0018,1120) 3
/(0018,1110) 3
/(0054,0200) 3
/(0018,1142) 3
/(0020,0037) 2c
/(0020,0032) 2c
/(0054,0220) 3
//(0008,0100) 1c
//(0008,0102) 1c
//(0008,0104) 3
//(0054,0222) 2c
///(0008,0100) 1c
///(0008,0102) 1c
///(0008,0104) 3

MODULE NMTomoAcquisition
(0054,0052) 2
/(0054,0200) 1c
/(0018,1144) 1c
/(0018,1140) 1c
/(0018,1143) 1c
/(0018,1242) 1c
/(0018,1142) 3
/(0018,1110) 2c
/(0054,0053) 1c
/(0018,1131) 3
/(0018,1130) 3
(0054,0202) 3


MODULE NMPhase
(0054,0032) 2c
/(0054,0036) 1c
/(0018,1242) 1c
/(0054,0038) 1c
/(0054,0033) 1c
/(0054,0210) 3
/(0054,0211) 1c

MODULE NMReconstruction
(0018,0088) 2
(0018,1100) 3
(0018,1210) 3
(0018,0050) 2
(0020,1041) 3

MODULE SCImageEquipment
(0008,0064) 1
(0008,0060) 3
(0018,1010) 3
(0018,1016) 3
(0018,1018) 3
(0018,1019) 3
(0018,1022) 3
(0018,1023) 3

MODULE SCImage
(0018,1012) 3
(0018,1014) 3

MODULE XRayImage
(0028,0009) 1c
(0028,2110) 1c
(0008,0008) 1
(0028,1040) 1
(0028,0002) 1
(0028,0004) 1
(0028,0100) 1
(0028,0101) 1
(0028,0102) 1
(0028,0103) 1
(0018,0022) 3
(0008,2218) 3
/(0008,0100) 1c
/(0008,0102) 1c
/(0008,0104) 3
/(0008,2220) 3
//(0008,0100) 1c
//(0008,0102) 1c
//(0008,0104) 3
(0008,2228) 3
/(0008,0100) 1c
/(0008,0102) 1c
/(0008,0104) 3
/(0008,2230) 3
//(0008,0100) 1c
//(0008,0102) 1c
//(0008,0104) 3
(0028,6040) 3
(0008,1140) 1c
/(0008,1150) 1c
/(0008,1155) 1c
(0008,2111) 3
(0018,1400) 3
(0050,0004) 3

MODULE XRayAcquisition
(0018,0060) 2
(0018,1155) 1
(0018,1151) 2c
(0018,1150) 2c
(0018,1152) 2c
(0018,1166) 3
(0018,1154) 3
(0018,115A) 3
(0018,1161) 3
(0018,1162) 3
(0018,1147) 3
(0018,1149) 3
(0018,1164) 3
(0018,1190) 3
(0018,115E) 3

MODULE XRayCollimator
(0018,1700) 1
(0018,1702) 1c
(0018,1704) 1c
(0018,1706) 1c
(0018,1708) 1c
(0018,1710) 1c
(0018,1712) 1c
(0018,1720) 1c

MODULE XRayTable
(0018,1134) 2
(0018,1135) 2c
(0018,1137) 2c
(0018,1136) 2c
(0018,1138) 3

MODULE XAPositioner
(0018,1111) 3
(0018,1110) 3
(0018,1114) 3
(0018,1500) 2c
(0018,1510) 2
(0018,1511) 2
(0018,1520) 2c
(0018,1521) 2c
(0018,1530) 3
(0018,1531) 3

MODULE XRFPositioner
(0018,1110) 3
(0018,1111) 3
(0018,1114) 3
(0018,1450) 3

MODULE XRFTomoAcquisition
(0018,1460) 1
(0018,1470) 3
(0018,1480) 3

MODULE OverlayIdentification
(0020,0022) 2
(0008,0024) 3
(0008,0034) 3
(0008,1140) 3
/(0008,1150) 1c
/(0008,1155) 1c

MODULE OverlayPlane
(60xx,0010) 1
(60xx,0011) 1
(60xx,0040) 1
(60xx,0050) 1
(60xx,0100) 1
(60xx,0102) 1
(60xx,3000) 1c
(60xx,0022) 3
(60xx,0045) 3
(60xx,1500) 3
(60xx,1301) 3
(60xx,1302) 3
(60xx,1303) 3
(60xx,1100) 3
(60xx,1101) 3
(60xx,1102) 3
(60xx,1103) 3
(60xx,1200) 3
(60xx,1201) 3
(60xx,1202) 3
(60xx,1203) 3

MODULE MultiFrameOverlay
(60xx,0015) 1
(60xx,0051) 3

MODULE BiPlaneOverlay
(60xx,0012) 1
(60xx,0052) 2c

MODULE CurveIdentification
(0020,0024) 2
(0008,0025) 3
(0008,0035) 3
(0008,1140) 3
/(0008,1150) 1c
/(0008,1155) 1c
(0008,1130) 3
/(0008,1150) 1c
/(0008,1155) 1c
(0008,1145) 3
/(0008,1150) 1c
/(0008,1155) 1c

MODULE Curve
(50xx,0005) 1
(50xx,0010) 1
(50xx,0020) 1
(50xx,0103) 1
(50xx,3000) 1
(50xx,0022) 3
(50xx,0030) 3
(50xx,0040) 3
(50xx,0104) 3
(50xx,0105) 3
(50xx,0106) 3
(50xx,0110) 1c
(50xx,0112) 1c
(50xx,0114) 1c
(50xx,2500) 3
(50xx,2600) 3
/(0008,1150) 1c
/(0008,1155) 1c
/(50xx,2610) 1

MODULE Audio
(50xx,2000) 1
(50xx,2002) 1
(50xx,2004) 1
(50xx,2006) 1
(50xx,2008) 1
(50xx,200A) 1
(50xx,200C) 1
(0008,1140) 3
/(0008,1150) 1c
/(0008,1155) 1c
(50xx,200E) 3

MODULE ModalityLUT
(0028,3000) 3
/(0028,3002) 1c
/(0028,3003) 3
/(0028,3004) 1c
/(0028,3006) 1c
(0028,1052) 1c
(0028,1053) 1c
(0028,1054) 1c

MODULE VOILUT
(0028,3010) 3
/(0028,3002) 1c
/(0028,3003) 3
/(0028,3006) 1c
(0028,1050) 3
(0028,1051) 1c
(0028,1055) 3

MODULE LUTIdentification
(0020,0026) 2
(0008,1140) 3
/(0008,1150) 1c
/(0008,1155) 1c

MODULE SOPCommon
(0008,0016) 4
(0008,0018) 4
(0008,0005) 1c
(0008,0012) 3
(0008,0013) 3
(0008,0014) 3

MODULE BasicFilmSessionPresentation
(2000,0010)
(2000,0020)
(2000,0030)
(2000,0040)
(2000,0050)
(2000,0060)

MODULE BasicFilmSessionRelationship
(2000,0500)
/(0008,1150)
/(0008,1155)

MODULE BasicFilmBoxPresentation
(2010,0010)
(2010,0030)
(2010,0040)
(2010,0050)
(2010,0060)
(2010,0080)
(2010,0100)
(2010,0110)
(2010,0120)
(2010,0130)
(2010,0140)
(2010,0150)

MODULE BasicFilmBoxRelationship
(2010,0500)
/(0008,1150)
/(0008,1155)
(2010,0510)
/(0008,1150)
/(0008,1155)
(2010,0520)
/(0008,1150)
/(0008,1155)

MODULE ImageBoxPixelPresentation
(2020,0010)
(2020,0020)
(2010,0060)
(2010,0080)
(2020,0030)
(2020,0110)
/(0028,0002)
/(0028,0004)
/(0028,0010)
/(0028,0011)
/(0028,0034)
/(0028,0100)
/(0028,0101)
/(0028,0102)
/(0028,0103)
/(7FE0,0010)
(2020,0111)
/(0028,0002)
/(0028,0004)
/(0028,0006)
/(0028,0010)
/(0028,0011)
/(0028,0034)
/(0028,0100)
/(0028,0101)
/(0028,0102)
/(0028,0103)
/(7FE0,0010)

MODULE ImageBoxRelationship
(0008,1140)
/(0008,1150)
/(0008,1155)
/(0008,1160)
(2020,0130)
/(0008,1150)
/(0008,1155)
/(0008,1160)
(2020,0140)
/(0008,1150)
/(0008,1155)

MODULE BasicAnnotationPresentation
(2030,0010)
(2030,0020)

MODULE PrintJob
(2100,0020)
(2100,0030)
(2100,0040)
(2100,0050)
(2000,0020)
(2110,0030)
(2100,0070)

MODULE Printer
(2110,0010)
(2110,0020)
(2110,0030)
(0008,0070)
(0008,1090)
(0018,1000)
(0018,1020)
(0018,1200)
(0018,1201)

MODULE ImageOverlayBoxPresentation
(2040,0010)
/(0008,1150)
/(0008,1155)
/(2040,0011)
(2040,0060)
(2040,0070)
(2040,0080)
(2040,0090)
(2040,0100)

MODULE ImageOverlayBoxRelationship
(2010,0510)
/(0008,1150)
/(0008,1155)

MODULE StorageCommitment
(0008,1195)
(0008,0054)
(0088,0130)
(0088,0140)
(0008,1199)
/(0008,1150)
/(0008,1155)
/(0008,0054)
/(0088,0130)
/(0088,0140)
(0008,1111)
/(0008,1150)
/(0008,1155)
(0008,1198)
/(0008,1150)
/(0008,1155)
(0008,1197)

MODULE DICOMFileMetaInformation
(0002, 0000) 1
(0002, 0001) 1
(0002, 0002) 1
(0002, 0003) 1
(0002, 0010) 1
(0002, 0012) 1
(0002, 0013) 3
(0002, 0016) 3
(0002, 0100) 3
(0002, 0102) 1c

MODULE FileSetIdentification
(0004,1130) 2
(0004,1141) 3
(0004,1142) 1c

MODULE DirectoryInformation
(0004,1200) 1
(0004,1202) 1
(0004,1212) 1
(0004,1220) 2
/(0004,1400) 1
/(0004,1410) 1c
/(0004,1420) 1c
/(0004,1430) 1c
/(0004,1432) 1c
/(0004,1500) 1c
/(0004,1504) 1c
/(0004,1510) 1c
/(0004,1511) 1c
/(0004,1512) 1c
/(0008,0005) 3
/(0008,0020) 3
/(0008,0030) 3
/(0008,1030) 3
/(0008,0050) 3
/(0008,0060) 3
/(0010,0010) 3
/(0010,0020) 3
/(0020,000D) 3
/(0020,0010) 3
/(0020,000E) 3
/(0020,0011) 3
/(0020,0013) 3
/(0088,0200) 3
//(0028,0002) 1
//(0028,0004) 1
//(0028,0010) 1
//(0028,0011) 1
//(0028,0100) 1
//(0028,0101) 1
//(0028,0102) 1
//(0028,0103) 1
//(7FE0,0010) 1
//(0028,0006) 1c
//(0028,0034) 1c
//(0028,0106) 3
//(0028,0107) 3
//(0028,1101) 1c
//(0028,1102) 1c
//(0028,1103) 1c
//(0028,1201) 1c
//(0028,1202) 1c
//(0028,1203) 1c
