MODULES

MODULE PatientRootQR
(0008,0018) 3
(0008,0020) 3
(0008,0030) 3
(0008,0050) 3
(0008,0052) 3
(0008,0060) 3
(0010,0010) 3
(0010,0020) 3
(0020,000D) 3
(0020,000E) 3
(0020,0010) 3
(0020,0011) 3
(0020,0013) 3


MODULE StudyRootQR
(0008,0018) 3
(0008,0020) 3
(0008,0030) 3
(0008,0050) 3
(0008,0052) 3
(0008,0060) 3
(0010,0010) 3
(0010,0020) 3
(0020,000D) 3
(0020,000E) 3
(0020,0010) 3
(0020,0011) 3
(0020,0013) 3

MODULE PatientStudyOnlyQR
(0008,0018) 3
(0008,0020) 3
(0008,0030) 3
(0008,0050) 3
(0008,0052) 3
(0008,0060) 3
(0010,0010) 3
(0010,0020) 3
(0020,000D) 3
(0020,000E) 3
(0020,0010) 3
(0020,0011) 3
(0020,0013) 3
